-38.460028 -39.426870 -32.738378
-39.603754 -42.698793 -115.526506
-42.470729 -40.579914 -107.363590
-41.035540 -37.796979 -110.529329
-32.699064 -34.346883 -31.449917
-34.073791 -47.694496 -89.360758
-34.788441 -33.035095 -57.122188
-33.189849 -32.452937 -32.274652
-32.150942 -33.617026 -37.257557
-35.953243 -41.528364 -92.256389
-32.696866 -31.387603 -40.393482
-32.969638 -34.786647 -88.961990
-25.248575 -26.198682 -29.428299
-28.234510 -32.128227 -84.022666
-29.618078 -28.730326 -37.280046
-25.002169 -24.115513 -24.779306
-29.427201 -31.383940 -96.594965
-33.879136 -43.762531 -89.116264
-28.893774 -31.846813 -37.955017
-29.239418 -26.320430 -28.202370
-20.269450 -18.243723 -14.968257
-20.430251 -19.714073 -34.468738
-20.365058 -26.256579 -24.913431
-24.948903 -27.439004 -26.539371
-23.069400 -11.259704 -120.931318
-12.202825 -15.306099 -99.216326
-33.953688 -11.191330 -11.602669
-12.846324 -12.646976 -12.018120
-10.326643 -11.504337 -66.154714
-9.711282 -7.297345 -10.332678
-12.548803 -6.385011 -11.005125
-11.175657 -8.469382 -48.629511
0.000000 -4.200000 -81.723719
0.000000 0.000000 0.000000
0.000000 0.000000 0.000000
0.000000 0.000000 -2.500000
-2.500000 -2.500000 0.000000
0.000000 -2.500000 -2.500000
0.000000 0.000000 -51.171249
0.000000 -2.500000 -2.500000
0.000000 0.000000 0.000000
0.000000 0.000000 0.000000
0.000000 0.000000 0.000000
0.000000 0.000000 0.000000
0.000000 0.000000 0.000000
0.000000 0.000000 0.000000
0.000000 0.000000 0.000000
0.000000 0.000000 0.000000
0.000000 0.000000 0.000000
0.000000 0.000000 0.000000
0.000000 0.000000 0.000000
0.000000 0.000000 0.000000
0.000000 0.000000 0.000000
0.000000 0.000000 0.000000
0.000000 0.000000 0.000000
0.000000 0.000000 0.000000
-25.258510 -22.772272 -20.564681
-22.796552 -21.132404 -60.961125
-26.284331 -30.166475 -109.868272
-29.307812 -25.635838 -81.488053
-8.429312 -13.587866 -12.793563
-13.491988 -11.710770 -10.892882
-16.627075 -24.152258 -56.004742
-32.027743 -16.306670 -120.913230
0.000000 0.000000 0.000000
0.000000 0.000000 0.000000
0.000000 0.000000 0.000000
0.000000 0.000000 -11.324940
-33.162393 -36.620587 -75.041799
-32.531263 -31.501235 -37.212068
-31.507454 -33.129961 -105.675153
-31.345975 -32.011273 -32.685725
-28.317063 -30.684378 -78.541279
-20.835607 -30.365210 -32.605492
-21.371429 -29.439503 -80.294334
-19.846802 -22.005000 -25.454732
-38.454649 -16.974612 -99.495845
-11.769261 -12.950349 -121.170291
-21.655798 -29.116754 -39.476011
-17.068108 -14.747092 -42.549640
-17.320667 -6.641682 -75.514990
-5.237499 -9.940892 -9.807668
-1.356471 -15.460842 -37.416127
-7.619887 -7.949144 -15.304073
-3.900408 -2.984387 -2.258947
-3.657021 -0.600000 -7.420523
-12.102077 -10.936341 -2.581263
-10.703095 -27.738890 -119.138629
-0.988000 -1.443400 -0.065000
-1.635640 0.000000 -39.978508
-3.236000 -67.027552 -1.600000
-2.551800 -1.600000 -9.807463
0.000000 0.000000 18.542628
0.000000 0.000000 0.000000
0.000000 0.000000 0.000000
0.000000 0.000000 0.000000
