-91.702022 -86.299816 -77.365733
-98.217474 -100.158269 -123.069514
-95.354331 -91.362995 -159.678897
-86.611321 -91.793397 -166.275665
-68.654936 -65.050704 -61.058784
-73.239836 -93.792284 -78.794685
-64.677139 -54.301520 -80.530480
-66.659197 -61.697364 -65.432877
-56.966096 -59.176378 -49.720375
-49.520635 -44.949283 -142.079295
-41.240018 -108.835509 -58.876149
-100.497259 -57.388431 -78.931495
-41.826492 -44.661091 -42.117047
-36.209084 -39.996582 -150.410449
-36.470574 -40.480681 -52.117538
-37.126880 -39.501438 -33.729778
-33.833890 -40.888897 -149.182906
-35.242490 -36.582153 -78.585908
-35.429186 -28.504404 -33.044428
-29.345170 -30.140905 -25.532611
-22.817945 -22.661558 -20.906743
-24.115518 -23.829027 -30.199733
-24.157247 -23.747904 -22.325583
-22.711360 -23.522122 -21.532705
-19.285387 -20.181249 -110.313600
-14.896252 -16.214158 -36.167367
-17.510506 -13.647506 -37.442203
-17.506788 -18.627149 -47.411782
-12.399932 -9.888181 -6.070656
-10.991824 -11.880231 -11.065964
-11.510070 -10.237573 -14.948264
-10.889251 -58.677733 -14.082341
-5.367168 -5.568000 -48.041001
-6.875895 -3.840000 -44.409643
0.000000 -6.319680 0.000000
-4.598400 -5.441280 -4.100000
0.000000 0.000000 0.000000
0.000000 0.000000 0.000000
0.000000 0.000000 -4.200000
-4.550000 0.000000 -52.965325
0.000000 0.000000 0.000000
0.000000 0.000000 0.000000
0.000000 0.000000 0.000000
0.000000 0.000000 0.000000
0.000000 0.000000 0.000000
0.000000 0.000000 0.000000
0.000000 0.000000 0.000000
0.000000 0.000000 0.000000
0.000000 0.000000 0.000000
0.000000 0.000000 0.000000
0.000000 0.000000 0.000000
0.000000 0.000000 0.000000
0.000000 0.000000 0.000000
0.000000 0.000000 0.000000
0.000000 0.000000 0.000000
0.000000 0.000000 0.000000
-35.086136 -29.635944 -48.992173
-33.199249 -36.489940 -106.431051
-34.193607 -30.389057 -134.898870
-34.360576 -30.994325 -101.136456
-19.408141 -16.621508 -18.281220
-15.019323 -17.004804 -28.677380
-19.950708 -19.396181 -82.198232
-21.361483 -20.712208 -127.843660
-5.078400 -3.811200 -5.697408
0.000000 0.000000 0.000000
-4.464000 -5.460000 0.000000
-66.501786 -7.552742 -17.177491
-46.811666 -51.341231 -157.685483
-50.525142 -51.139961 -115.332065
-52.795917 -40.686203 -135.152785
-50.131492 -51.745616 -79.949251
-23.229790 -23.209271 -90.775104
-25.683973 -28.861205 -44.280760
-28.896881 -48.683631 -119.645059
-28.580173 -23.439806 -31.047234
-24.302653 -21.072774 -67.505029
-21.429895 -18.717830 -19.327019
-17.577302 -17.902531 -68.147422
-19.620365 -21.134291 -16.886700
-7.928124 -7.573987 -137.957593
-6.247503 -9.137878 -23.275358
-7.899731 -8.116342 -82.441547
-8.677714 -9.866728 -16.513280
-4.297112 -3.728640 -1.928000
-3.916854 -4.674902 -4.310158
-4.544116 -19.789226 -43.384747
-5.333254 -15.580743 -134.666269
0.000000 -1.928000 -1.160000
-76.499317 0.000000 -95.365089
0.000000 -1.200000 0.000000
0.000000 -1.200000 -65.051657
0.000000 -0.880000 0.000000
-0.600000 0.000000 -71.975651
0.000000 0.000000 -1.200000
0.000000 0.000000 0.000000
