-86.883058 -85.705917 -69.237302
-85.242296 -84.018732 -121.071291
-82.515132 -83.573036 -126.999170
-85.481895 -84.508103 -119.589896
-62.434904 -64.922505 -62.428695
-64.129305 -64.855833 -128.732972
-61.621843 -62.884603 -70.015511
-63.358872 -63.515088 -64.620372
-63.014104 -64.749291 -69.643685
-64.440229 -63.856250 -97.552743
-64.358404 -64.063817 -68.378164
-63.282104 -62.907631 -79.422296
-42.239358 -41.767866 -42.234668
-39.321916 -38.463854 -89.642365
-35.547607 -35.575090 -39.977273
-37.744978 -38.358644 -39.178181
-38.900453 -52.095069 -112.997583
-37.187890 -33.820474 -114.110255
-32.609907 -33.722821 -33.893580
-34.078392 -33.680053 -32.392521
-26.736210 -26.510626 -26.782266
-29.362300 -27.677624 -29.980012
-26.879440 -28.584553 -28.887198
-31.090539 -36.660825 -31.932771
-22.888047 -25.264702 -112.522532
-24.290996 -25.557053 -81.034089
-25.802098 -23.303882 -58.825687
-22.709597 -22.141526 -23.659866
-21.930819 -22.438458 -22.073746
-22.158275 -22.532796 -21.518493
-28.119357 -23.779148 -23.306562
-22.206913 -22.369517 -22.342199
-21.039653 -29.086964 -53.683365
-16.012318 -14.781566 -53.540358
-20.731735 -15.303751 -27.960695
-14.395927 -14.391619 -14.514214
-16.357594 -16.157025 -76.002974
-15.637127 -16.127620 -47.188751
-13.775209 -14.164320 -18.332082
-13.773482 -14.273160 -29.739192
-24.553811 -13.729579 -45.667725
-7.194337 -7.195989 -12.076266
-12.857047 -8.826934 -19.049495
-8.202943 -8.400510 -22.278195
-8.306561 -14.077674 -48.737149
-11.654967 -4.892982 -7.315727
-3.765291 -3.880646 -3.990806
-18.168737 -13.642969 -54.897320
-7.884462 -6.847914 -7.996437
-6.652444 -11.071548 -45.628616
-6.391077 -6.402753 -29.569514
-8.119029 -18.383669 -43.133409
211.665805 39.389310 16.060863
39.036073 5.726238 1.371882
29.259985 104.574400 40.965280
101.130461 124.385256 283.434221
-37.122638 -37.244469 -43.221738
-36.602300 -36.038887 -36.546869
-40.694750 -41.092840 -109.608063
-41.469861 -41.473490 -115.463075
-22.715624 -22.037128 -22.226181
-21.444997 -21.682962 -23.534104
-24.313234 -24.434791 -80.230082
-25.746161 -25.213598 -114.223097
-22.026519 -15.571347 -15.452268
-15.852923 -16.592438 -17.054704
-17.573096 -31.038921 -22.351515
-35.559170 -23.769030 -62.641006
-65.814851 -66.123144 -140.307162
-65.151844 -64.082363 -64.885572
-64.388403 -64.069546 -117.571102
-65.645138 -66.257544 -68.273813
-34.333137 -37.761621 -109.288603
-38.519879 -38.862165 -67.817348
-50.466452 -35.324281 -109.044832
-35.977173 -35.583140 -51.758621
-35.297309 -36.457032 -113.498900
-36.204241 -36.396496 -40.025511
-36.038908 -36.116730 -125.554262
-35.998916 -36.060634 -28.222175
-29.559828 -29.313273 -105.514247
-29.595364 -29.395536 -29.613398
-29.544844 -28.210820 -108.904716
-29.690627 -29.597564 -48.926046
-4.182381 -4.351009 13.565718
-6.754350 -8.383156 -11.400378
-11.370087 -12.493008 -48.632846
-11.996099 -16.013980 -125.786705
-3.677103 -1.991665 52.506601
2.947510 -3.720883 -63.117560
-4.432782 -47.190172 -4.625757
-3.454302 4.518344 -44.209271
-0.090000 0.911302 119.109615
-0.063893 0.739130 -17.219046
-0.090000 -0.090000 -0.471867
24.164446 4.073486 57.015355
